Nodes: 20
id: 0
num: 3
1 43
10 26
15 34
id: 1
num: 3
1 48
9 20
9 29
id: 2
num: 2
3 16
16 26
id: 3
num: 3
2 16
4 50
10 33
id: 4
num: 3
3 50
19 6
10 27
id: 5
num: 3
14 23
13 44
17 5
id: 6
num: 2
15 2
18 16
id: 7
num: 2
18 19
1 15
id: 8
num: 0
id: 9
num: 0
id: 10
num: 3
0 26
3 33
4 27
id: 11
num: 4
10 48
12 3
14 7
17 20
id: 12
num: 2
11 3
13 20
id: 13
num: 3
19 28
12 20
5 44
id: 14
num: 2
11 28
5 23
id: 15
num: 3
7 54
0 34
6 41
id: 16
num: 2
1 14
2 26
id: 17
num: 3
18 16
11 20
5 5
id: 18
num: 3
7 19
6 16
17 16
id: 19
num: 3
1 18
4 6
13 28

